"Run_Number"	"Score"	"Cost"	"Planning_Units"	"Connectivity"	"Connectivity_Total"	"Connectivity_In"	"Connectivity_Edge"	"Connectivity_Out"	"Connectivity_In_Fraction"	"Penalty"	"Shortfall"	"Missing_Values"	"MPM"
1,2.71745e+07,2.71745e+07,188,0,0,0,0,0,0,0,0,0,1
2,2.72211e+07,2.72211e+07,188,0,0,0,0,0,0,0,0,0,1
3,2.72438e+07,2.72438e+07,188,0,0,0,0,0,0,0,0,0,1
4,2.71745e+07,2.71745e+07,188,0,0,0,0,0,0,0,0,0,1
5,2.72211e+07,2.72211e+07,188,0,0,0,0,0,0,0,0,0,1
6,2.7223e+07,2.7223e+07,188,0,0,0,0,0,0,0,0,0,1
7,2.71745e+07,2.71745e+07,188,0,0,0,0,0,0,0,0,0,1
8,2.7223e+07,2.7223e+07,188,0,0,0,0,0,0,0,0,0,1
9,2.72211e+07,2.72211e+07,188,0,0,0,0,0,0,0,0,0,1
10,2.7223e+07,2.7223e+07,188,0,0,0,0,0,0,0,0,0,1
11,2.72059e+07,2.72059e+07,188,0,0,0,0,0,0,0,0,0,1
12,2.71745e+07,2.71745e+07,188,0,0,0,0,0,0,0,0,0,1
13,2.72211e+07,2.72211e+07,188,0,0,0,0,0,0,0,0,0,1
14,2.73045e+07,2.73045e+07,188,0,0,0,0,0,0,0,0,0,1
15,2.72211e+07,2.72211e+07,188,0,0,0,0,0,0,0,0,0,1
16,2.72695e+07,2.72695e+07,188,0,0,0,0,0,0,0,0,0,1
17,2.72604e+07,2.72604e+07,188,0,0,0,0,0,0,0,0,0,1
18,2.72059e+07,2.72059e+07,188,0,0,0,0,0,0,0,0,0,1
19,2.72438e+07,2.72438e+07,188,0,0,0,0,0,0,0,0,0,1
20,2.71745e+07,2.71745e+07,188,0,0,0,0,0,0,0,0,0,1
21,2.71745e+07,2.71745e+07,188,0,0,0,0,0,0,0,0,0,1
22,2.71745e+07,2.71745e+07,188,0,0,0,0,0,0,0,0,0,1
23,2.72915e+07,2.72915e+07,188,0,0,0,0,0,0,0,0,0,1
24,2.72059e+07,2.72059e+07,188,0,0,0,0,0,0,0,0,0,1
25,2.71745e+07,2.71745e+07,188,0,0,0,0,0,0,0,0,0,1
26,2.73272e+07,2.73272e+07,188,0,0,0,0,0,0,0,0,0,1
27,2.71745e+07,2.71745e+07,188,0,0,0,0,0,0,0,0,0,1
28,2.72438e+07,2.72438e+07,188,0,0,0,0,0,0,0,0,0,1
29,2.72211e+07,2.72211e+07,188,0,0,0,0,0,0,0,0,0,1
30,2.72868e+07,2.72868e+07,188,0,0,0,0,0,0,0,0,0,1
31,2.71745e+07,2.71745e+07,188,0,0,0,0,0,0,0,0,0,1
32,2.72894e+07,2.72894e+07,188,0,0,0,0,0,0,0,0,0,1
33,2.72211e+07,2.72211e+07,188,0,0,0,0,0,0,0,0,0,1
34,2.71745e+07,2.71745e+07,188,0,0,0,0,0,0,0,0,0,1
35,2.71912e+07,2.71912e+07,188,0,0,0,0,0,0,0,0,0,1
36,2.72868e+07,2.72868e+07,188,0,0,0,0,0,0,0,0,0,1
37,2.71745e+07,2.71745e+07,188,0,0,0,0,0,0,0,0,0,1
38,2.72544e+07,2.72544e+07,188,0,0,0,0,0,0,0,0,0,1
39,2.72059e+07,2.72059e+07,188,0,0,0,0,0,0,0,0,0,1
40,2.72059e+07,2.72059e+07,188,0,0,0,0,0,0,0,0,0,1
41,2.71745e+07,2.71745e+07,188,0,0,0,0,0,0,0,0,0,1
42,2.74017e+07,2.74017e+07,188,0,0,0,0,0,0,0,0,0,1
43,2.72211e+07,2.72211e+07,188,0,0,0,0,0,0,0,0,0,1
44,2.72211e+07,2.72211e+07,188,0,0,0,0,0,0,0,0,0,1
45,2.72868e+07,2.72868e+07,188,0,0,0,0,0,0,0,0,0,1
46,2.71745e+07,2.71745e+07,188,0,0,0,0,0,0,0,0,0,1
47,2.71745e+07,2.71745e+07,188,0,0,0,0,0,0,0,0,0,1
48,2.72438e+07,2.72438e+07,188,0,0,0,0,0,0,0,0,0,1
49,2.73904e+07,2.73904e+07,188,0,0,0,0,0,0,0,0,0,1
50,2.72211e+07,2.72211e+07,188,0,0,0,0,0,0,0,0,0,1
51,2.71745e+07,2.71745e+07,188,0,0,0,0,0,0,0,0,0,1
52,2.72059e+07,2.72059e+07,188,0,0,0,0,0,0,0,0,0,1
53,2.73526e+07,2.73526e+07,188,0,0,0,0,0,0,0,0,0,1
54,2.72059e+07,2.72059e+07,188,0,0,0,0,0,0,0,0,0,1
55,2.71912e+07,2.71912e+07,188,0,0,0,0,0,0,0,0,0,1
56,2.71745e+07,2.71745e+07,188,0,0,0,0,0,0,0,0,0,1
57,2.7223e+07,2.7223e+07,188,0,0,0,0,0,0,0,0,0,1
58,2.71745e+07,2.71745e+07,188,0,0,0,0,0,0,0,0,0,1
59,2.72438e+07,2.72438e+07,188,0,0,0,0,0,0,0,0,0,1
60,2.71745e+07,2.71745e+07,188,0,0,0,0,0,0,0,0,0,1
61,2.71745e+07,2.71745e+07,188,0,0,0,0,0,0,0,0,0,1
62,2.72059e+07,2.72059e+07,188,0,0,0,0,0,0,0,0,0,1
63,2.71745e+07,2.71745e+07,188,0,0,0,0,0,0,0,0,0,1
64,2.72868e+07,2.72868e+07,188,0,0,0,0,0,0,0,0,0,1
65,2.72438e+07,2.72438e+07,188,0,0,0,0,0,0,0,0,0,1
66,2.71745e+07,2.71745e+07,188,0,0,0,0,0,0,0,0,0,1
67,2.72915e+07,2.72915e+07,188,0,0,0,0,0,0,0,0,0,1
68,2.7275e+07,2.7275e+07,188,0,0,0,0,0,0,0,0,0,1
69,2.71745e+07,2.71745e+07,188,0,0,0,0,0,0,0,0,0,1
70,2.72438e+07,2.72438e+07,188,0,0,0,0,0,0,0,0,0,1
71,2.73237e+07,2.73237e+07,188,0,0,0,0,0,0,0,0,0,1
72,2.72059e+07,2.72059e+07,188,0,0,0,0,0,0,0,0,0,1
73,2.72059e+07,2.72059e+07,188,0,0,0,0,0,0,0,0,0,1
74,2.72211e+07,2.72211e+07,188,0,0,0,0,0,0,0,0,0,1
75,2.72396e+07,2.72396e+07,188,0,0,0,0,0,0,0,0,0,1
76,2.71745e+07,2.71745e+07,188,0,0,0,0,0,0,0,0,0,1
77,2.7223e+07,2.7223e+07,188,0,0,0,0,0,0,0,0,0,1
78,2.71745e+07,2.71745e+07,188,0,0,0,0,0,0,0,0,0,1
79,2.72059e+07,2.72059e+07,188,0,0,0,0,0,0,0,0,0,1
80,2.72059e+07,2.72059e+07,188,0,0,0,0,0,0,0,0,0,1
81,2.72894e+07,2.72894e+07,188,0,0,0,0,0,0,0,0,0,1
82,2.72211e+07,2.72211e+07,188,0,0,0,0,0,0,0,0,0,1
83,2.71745e+07,2.71745e+07,188,0,0,0,0,0,0,0,0,0,1
84,2.73586e+07,2.73586e+07,188,0,0,0,0,0,0,0,0,0,1
85,2.72059e+07,2.72059e+07,188,0,0,0,0,0,0,0,0,0,1
86,2.72438e+07,2.72438e+07,188,0,0,0,0,0,0,0,0,0,1
87,2.71745e+07,2.71745e+07,188,0,0,0,0,0,0,0,0,0,1
88,2.72894e+07,2.72894e+07,188,0,0,0,0,0,0,0,0,0,1
89,2.71745e+07,2.71745e+07,188,0,0,0,0,0,0,0,0,0,1
90,2.72868e+07,2.72868e+07,188,0,0,0,0,0,0,0,0,0,1
91,2.72438e+07,2.72438e+07,188,0,0,0,0,0,0,0,0,0,1
92,2.73272e+07,2.73272e+07,188,0,0,0,0,0,0,0,0,0,1
93,2.72211e+07,2.72211e+07,188,0,0,0,0,0,0,0,0,0,1
94,2.7223e+07,2.7223e+07,188,0,0,0,0,0,0,0,0,0,1
95,2.72894e+07,2.72894e+07,188,0,0,0,0,0,0,0,0,0,1
96,2.71745e+07,2.71745e+07,188,0,0,0,0,0,0,0,0,0,1
97,2.72438e+07,2.72438e+07,188,0,0,0,0,0,0,0,0,0,1
98,2.72438e+07,2.72438e+07,188,0,0,0,0,0,0,0,0,0,1
99,2.72438e+07,2.72438e+07,188,0,0,0,0,0,0,0,0,0,1
100,2.7223e+07,2.7223e+07,188,0,0,0,0,0,0,0,0,0,1
101,2.72059e+07,2.72059e+07,188,0,0,0,0,0,0,0,0,0,1
102,2.72211e+07,2.72211e+07,188,0,0,0,0,0,0,0,0,0,1
103,2.71745e+07,2.71745e+07,188,0,0,0,0,0,0,0,0,0,1
104,2.72915e+07,2.72915e+07,188,0,0,0,0,0,0,0,0,0,1
105,2.72059e+07,2.72059e+07,188,0,0,0,0,0,0,0,0,0,1
106,2.72211e+07,2.72211e+07,188,0,0,0,0,0,0,0,0,0,1
107,2.72438e+07,2.72438e+07,188,0,0,0,0,0,0,0,0,0,1
108,2.72059e+07,2.72059e+07,188,0,0,0,0,0,0,0,0,0,1
109,2.72211e+07,2.72211e+07,188,0,0,0,0,0,0,0,0,0,1
110,2.72211e+07,2.72211e+07,188,0,0,0,0,0,0,0,0,0,1
111,2.71745e+07,2.71745e+07,188,0,0,0,0,0,0,0,0,0,1
112,2.72211e+07,2.72211e+07,188,0,0,0,0,0,0,0,0,0,1
113,2.73045e+07,2.73045e+07,188,0,0,0,0,0,0,0,0,0,1
114,2.72211e+07,2.72211e+07,188,0,0,0,0,0,0,0,0,0,1
115,2.72915e+07,2.72915e+07,188,0,0,0,0,0,0,0,0,0,1
116,2.73272e+07,2.73272e+07,188,0,0,0,0,0,0,0,0,0,1
117,2.72377e+07,2.72377e+07,188,0,0,0,0,0,0,0,0,0,1
118,2.71745e+07,2.71745e+07,188,0,0,0,0,0,0,0,0,0,1
119,2.71745e+07,2.71745e+07,188,0,0,0,0,0,0,0,0,0,1
120,2.72059e+07,2.72059e+07,188,0,0,0,0,0,0,0,0,0,1
121,2.72059e+07,2.72059e+07,188,0,0,0,0,0,0,0,0,0,1
122,2.71912e+07,2.71912e+07,188,0,0,0,0,0,0,0,0,0,1
123,2.72059e+07,2.72059e+07,188,0,0,0,0,0,0,0,0,0,1
124,2.72915e+07,2.72915e+07,188,0,0,0,0,0,0,0,0,0,1
125,2.72059e+07,2.72059e+07,188,0,0,0,0,0,0,0,0,0,1
126,2.72894e+07,2.72894e+07,188,0,0,0,0,0,0,0,0,0,1
127,2.74178e+07,2.74178e+07,188,0,0,0,0,0,0,0,0,0,1
128,2.73045e+07,2.73045e+07,188,0,0,0,0,0,0,0,0,0,1
129,2.72059e+07,2.72059e+07,188,0,0,0,0,0,0,0,0,0,1
130,2.72438e+07,2.72438e+07,188,0,0,0,0,0,0,0,0,0,1
131,2.72059e+07,2.72059e+07,188,0,0,0,0,0,0,0,0,0,1
132,2.74492e+07,2.74492e+07,188,0,0,0,0,0,0,0,0,0,1
133,2.71745e+07,2.71745e+07,188,0,0,0,0,0,0,0,0,0,1
134,2.73359e+07,2.73359e+07,188,0,0,0,0,0,0,0,0,0,1
135,2.72059e+07,2.72059e+07,188,0,0,0,0,0,0,0,0,0,1
136,2.72915e+07,2.72915e+07,188,0,0,0,0,0,0,0,0,0,1
137,2.73045e+07,2.73045e+07,188,0,0,0,0,0,0,0,0,0,1
138,2.71745e+07,2.71745e+07,188,0,0,0,0,0,0,0,0,0,1
139,2.72226e+07,2.72226e+07,188,0,0,0,0,0,0,0,0,0,1
140,2.71912e+07,2.71912e+07,188,0,0,0,0,0,0,0,0,0,1
141,2.72868e+07,2.72868e+07,188,0,0,0,0,0,0,0,0,0,1
142,2.71745e+07,2.71745e+07,188,0,0,0,0,0,0,0,0,0,1
143,2.72438e+07,2.72438e+07,188,0,0,0,0,0,0,0,0,0,1
144,2.72868e+07,2.72868e+07,188,0,0,0,0,0,0,0,0,0,1
145,2.71745e+07,2.71745e+07,188,0,0,0,0,0,0,0,0,0,1
146,2.71745e+07,2.71745e+07,188,0,0,0,0,0,0,0,0,0,1
147,2.72438e+07,2.72438e+07,188,0,0,0,0,0,0,0,0,0,1
148,2.72868e+07,2.72868e+07,188,0,0,0,0,0,0,0,0,0,1
149,2.72211e+07,2.72211e+07,188,0,0,0,0,0,0,0,0,0,1
150,2.72862e+07,2.72862e+07,188,0,0,0,0,0,0,0,0,0,1
151,2.73353e+07,2.73353e+07,188,0,0,0,0,0,0,0,0,0,1
152,2.72438e+07,2.72438e+07,188,0,0,0,0,0,0,0,0,0,1
153,2.72059e+07,2.72059e+07,188,0,0,0,0,0,0,0,0,0,1
154,2.71745e+07,2.71745e+07,188,0,0,0,0,0,0,0,0,0,1
155,2.72868e+07,2.72868e+07,188,0,0,0,0,0,0,0,0,0,1
156,2.71745e+07,2.71745e+07,188,0,0,0,0,0,0,0,0,0,1
157,2.72544e+07,2.72544e+07,188,0,0,0,0,0,0,0,0,0,1
158,2.72059e+07,2.72059e+07,188,0,0,0,0,0,0,0,0,0,1
159,2.71745e+07,2.71745e+07,188,0,0,0,0,0,0,0,0,0,1
160,2.74873e+07,2.74873e+07,188,0,0,0,0,0,0,0,0,0,1
161,2.72695e+07,2.72695e+07,188,0,0,0,0,0,0,0,0,0,1
162,2.71745e+07,2.71745e+07,188,0,0,0,0,0,0,0,0,0,1
163,2.72059e+07,2.72059e+07,188,0,0,0,0,0,0,0,0,0,1
164,2.71745e+07,2.71745e+07,188,0,0,0,0,0,0,0,0,0,1
165,2.71745e+07,2.71745e+07,188,0,0,0,0,0,0,0,0,0,1
166,2.72059e+07,2.72059e+07,188,0,0,0,0,0,0,0,0,0,1
167,2.72915e+07,2.72915e+07,188,0,0,0,0,0,0,0,0,0,1
168,2.72211e+07,2.72211e+07,188,0,0,0,0,0,0,0,0,0,1
169,2.71745e+07,2.71745e+07,188,0,0,0,0,0,0,0,0,0,1
170,2.72211e+07,2.72211e+07,188,0,0,0,0,0,0,0,0,0,1
171,2.72211e+07,2.72211e+07,188,0,0,0,0,0,0,0,0,0,1
172,2.72868e+07,2.72868e+07,188,0,0,0,0,0,0,0,0,0,1
173,2.71745e+07,2.71745e+07,188,0,0,0,0,0,0,0,0,0,1
174,2.7223e+07,2.7223e+07,188,0,0,0,0,0,0,0,0,0,1
175,2.72868e+07,2.72868e+07,188,0,0,0,0,0,0,0,0,0,1
176,2.71745e+07,2.71745e+07,188,0,0,0,0,0,0,0,0,0,1
177,2.72059e+07,2.72059e+07,188,0,0,0,0,0,0,0,0,0,1
178,2.73089e+07,2.73089e+07,188,0,0,0,0,0,0,0,0,0,1
179,2.72059e+07,2.72059e+07,188,0,0,0,0,0,0,0,0,0,1
180,2.72862e+07,2.72862e+07,188,0,0,0,0,0,0,0,0,0,1
181,2.71745e+07,2.71745e+07,188,0,0,0,0,0,0,0,0,0,1
182,2.74168e+07,2.74168e+07,188,0,0,0,0,0,0,0,0,0,1
183,2.71912e+07,2.71912e+07,188,0,0,0,0,0,0,0,0,0,1
184,2.72059e+07,2.72059e+07,188,0,0,0,0,0,0,0,0,0,1
185,2.71745e+07,2.71745e+07,188,0,0,0,0,0,0,0,0,0,1
186,2.72059e+07,2.72059e+07,188,0,0,0,0,0,0,0,0,0,1
187,2.72438e+07,2.72438e+07,188,0,0,0,0,0,0,0,0,0,1
188,2.72377e+07,2.72377e+07,188,0,0,0,0,0,0,0,0,0,1
189,2.71745e+07,2.71745e+07,188,0,0,0,0,0,0,0,0,0,1
190,2.73703e+07,2.73703e+07,188,0,0,0,0,0,0,0,0,0,1
191,2.71912e+07,2.71912e+07,188,0,0,0,0,0,0,0,0,0,1
192,2.72059e+07,2.72059e+07,188,0,0,0,0,0,0,0,0,0,1
193,2.72377e+07,2.72377e+07,188,0,0,0,0,0,0,0,0,0,1
194,2.7223e+07,2.7223e+07,188,0,0,0,0,0,0,0,0,0,1
195,2.72915e+07,2.72915e+07,188,0,0,0,0,0,0,0,0,0,1
196,2.72211e+07,2.72211e+07,188,0,0,0,0,0,0,0,0,0,1
197,2.71745e+07,2.71745e+07,188,0,0,0,0,0,0,0,0,0,1
198,2.72059e+07,2.72059e+07,188,0,0,0,0,0,0,0,0,0,1
199,2.73404e+07,2.73404e+07,188,0,0,0,0,0,0,0,0,0,1
200,2.72059e+07,2.72059e+07,188,0,0,0,0,0,0,0,0,0,1
201,2.71912e+07,2.71912e+07,188,0,0,0,0,0,0,0,0,0,1
202,2.72544e+07,2.72544e+07,188,0,0,0,0,0,0,0,0,0,1
203,2.72438e+07,2.72438e+07,188,0,0,0,0,0,0,0,0,0,1
204,2.72211e+07,2.72211e+07,188,0,0,0,0,0,0,0,0,0,1
205,2.74395e+07,2.74395e+07,188,0,0,0,0,0,0,0,0,0,1
206,2.73045e+07,2.73045e+07,188,0,0,0,0,0,0,0,0,0,1
207,2.72915e+07,2.72915e+07,188,0,0,0,0,0,0,0,0,0,1
208,2.72211e+07,2.72211e+07,188,0,0,0,0,0,0,0,0,0,1
209,2.74344e+07,2.74344e+07,188,0,0,0,0,0,0,0,0,0,1
210,2.73045e+07,2.73045e+07,188,0,0,0,0,0,0,0,0,0,1
211,2.71745e+07,2.71745e+07,188,0,0,0,0,0,0,0,0,0,1
212,2.73237e+07,2.73237e+07,188,0,0,0,0,0,0,0,0,0,1
213,2.71912e+07,2.71912e+07,188,0,0,0,0,0,0,0,0,0,1
214,2.72915e+07,2.72915e+07,188,0,0,0,0,0,0,0,0,0,1
215,2.72059e+07,2.72059e+07,188,0,0,0,0,0,0,0,0,0,1
216,2.71745e+07,2.71745e+07,188,0,0,0,0,0,0,0,0,0,1
217,2.72059e+07,2.72059e+07,188,0,0,0,0,0,0,0,0,0,1
218,2.72915e+07,2.72915e+07,188,0,0,0,0,0,0,0,0,0,1
219,2.72059e+07,2.72059e+07,188,0,0,0,0,0,0,0,0,0,1
220,2.73272e+07,2.73272e+07,188,0,0,0,0,0,0,0,0,0,1
221,2.71745e+07,2.71745e+07,188,0,0,0,0,0,0,0,0,0,1
222,2.72211e+07,2.72211e+07,188,0,0,0,0,0,0,0,0,0,1
223,2.73722e+07,2.73722e+07,188,0,0,0,0,0,0,0,0,0,1
224,2.72059e+07,2.72059e+07,188,0,0,0,0,0,0,0,0,0,1
225,2.7223e+07,2.7223e+07,188,0,0,0,0,0,0,0,0,0,1
226,2.72059e+07,2.72059e+07,188,0,0,0,0,0,0,0,0,0,1
227,2.71745e+07,2.71745e+07,188,0,0,0,0,0,0,0,0,0,1
228,2.71745e+07,2.71745e+07,188,0,0,0,0,0,0,0,0,0,1
229,2.72059e+07,2.72059e+07,188,0,0,0,0,0,0,0,0,0,1
230,2.73045e+07,2.73045e+07,188,0,0,0,0,0,0,0,0,0,1
231,2.72438e+07,2.72438e+07,188,0,0,0,0,0,0,0,0,0,1
232,2.71912e+07,2.71912e+07,188,0,0,0,0,0,0,0,0,0,1
233,2.72438e+07,2.72438e+07,188,0,0,0,0,0,0,0,0,0,1
234,2.72059e+07,2.72059e+07,188,0,0,0,0,0,0,0,0,0,1
235,2.73359e+07,2.73359e+07,188,0,0,0,0,0,0,0,0,0,1
236,2.72226e+07,2.72226e+07,188,0,0,0,0,0,0,0,0,0,1
237,2.72059e+07,2.72059e+07,188,0,0,0,0,0,0,0,0,0,1
238,2.71745e+07,2.71745e+07,188,0,0,0,0,0,0,0,0,0,1
239,2.71745e+07,2.71745e+07,188,0,0,0,0,0,0,0,0,0,1
240,2.71745e+07,2.71745e+07,188,0,0,0,0,0,0,0,0,0,1
241,2.73404e+07,2.73404e+07,188,0,0,0,0,0,0,0,0,0,1
242,2.72438e+07,2.72438e+07,188,0,0,0,0,0,0,0,0,0,1
243,2.71745e+07,2.71745e+07,188,0,0,0,0,0,0,0,0,0,1
244,2.72211e+07,2.72211e+07,188,0,0,0,0,0,0,0,0,0,1
245,2.72211e+07,2.72211e+07,188,0,0,0,0,0,0,0,0,0,1
246,2.73272e+07,2.73272e+07,188,0,0,0,0,0,0,0,0,0,1
247,2.73738e+07,2.73738e+07,188,0,0,0,0,0,0,0,0,0,1
248,2.73237e+07,2.73237e+07,188,0,0,0,0,0,0,0,0,0,1
249,2.72059e+07,2.72059e+07,188,0,0,0,0,0,0,0,0,0,1
250,2.71745e+07,2.71745e+07,188,0,0,0,0,0,0,0,0,0,1
251,2.72868e+07,2.72868e+07,188,0,0,0,0,0,0,0,0,0,1
252,2.71745e+07,2.71745e+07,188,0,0,0,0,0,0,0,0,0,1
253,2.72059e+07,2.72059e+07,188,0,0,0,0,0,0,0,0,0,1
254,2.72059e+07,2.72059e+07,188,0,0,0,0,0,0,0,0,0,1
255,2.74168e+07,2.74168e+07,188,0,0,0,0,0,0,0,0,0,1
256,2.72438e+07,2.72438e+07,188,0,0,0,0,0,0,0,0,0,1
257,2.72059e+07,2.72059e+07,188,0,0,0,0,0,0,0,0,0,1
258,2.72211e+07,2.72211e+07,188,0,0,0,0,0,0,0,0,0,1
259,2.72059e+07,2.72059e+07,188,0,0,0,0,0,0,0,0,0,1
260,2.72868e+07,2.72868e+07,188,0,0,0,0,0,0,0,0,0,1
261,2.71745e+07,2.71745e+07,188,0,0,0,0,0,0,0,0,0,1
262,2.71745e+07,2.71745e+07,188,0,0,0,0,0,0,0,0,0,1
263,2.71745e+07,2.71745e+07,188,0,0,0,0,0,0,0,0,0,1
264,2.72211e+07,2.72211e+07,188,0,0,0,0,0,0,0,0,0,1
265,2.73272e+07,2.73272e+07,188,0,0,0,0,0,0,0,0,0,1
266,2.72211e+07,2.72211e+07,188,0,0,0,0,0,0,0,0,0,1
267,2.72059e+07,2.72059e+07,188,0,0,0,0,0,0,0,0,0,1
268,2.72922e+07,2.72922e+07,188,0,0,0,0,0,0,0,0,0,1
269,2.72059e+07,2.72059e+07,188,0,0,0,0,0,0,0,0,0,1
270,2.73353e+07,2.73353e+07,188,0,0,0,0,0,0,0,0,0,1
271,2.71745e+07,2.71745e+07,188,0,0,0,0,0,0,0,0,0,1
272,2.71912e+07,2.71912e+07,188,0,0,0,0,0,0,0,0,0,1
273,2.73035e+07,2.73035e+07,188,0,0,0,0,0,0,0,0,0,1
274,2.72059e+07,2.72059e+07,188,0,0,0,0,0,0,0,0,0,1
275,2.72059e+07,2.72059e+07,188,0,0,0,0,0,0,0,0,0,1
276,2.71912e+07,2.71912e+07,188,0,0,0,0,0,0,0,0,0,1
277,2.72695e+07,2.72695e+07,188,0,0,0,0,0,0,0,0,0,1
278,2.72868e+07,2.72868e+07,188,0,0,0,0,0,0,0,0,0,1
279,2.72438e+07,2.72438e+07,188,0,0,0,0,0,0,0,0,0,1
280,2.72868e+07,2.72868e+07,188,0,0,0,0,0,0,0,0,0,1
281,2.72226e+07,2.72226e+07,188,0,0,0,0,0,0,0,0,0,1
282,2.72059e+07,2.72059e+07,188,0,0,0,0,0,0,0,0,0,1
283,2.72059e+07,2.72059e+07,188,0,0,0,0,0,0,0,0,0,1
284,2.72894e+07,2.72894e+07,188,0,0,0,0,0,0,0,0,0,1
285,2.73045e+07,2.73045e+07,188,0,0,0,0,0,0,0,0,0,1
286,2.72604e+07,2.72604e+07,188,0,0,0,0,0,0,0,0,0,1
287,2.73045e+07,2.73045e+07,188,0,0,0,0,0,0,0,0,0,1
288,2.72226e+07,2.72226e+07,188,0,0,0,0,0,0,0,0,0,1
289,2.72915e+07,2.72915e+07,188,0,0,0,0,0,0,0,0,0,1
290,2.7223e+07,2.7223e+07,188,0,0,0,0,0,0,0,0,0,1
291,2.72211e+07,2.72211e+07,188,0,0,0,0,0,0,0,0,0,1
292,2.71745e+07,2.71745e+07,188,0,0,0,0,0,0,0,0,0,1
293,2.72438e+07,2.72438e+07,188,0,0,0,0,0,0,0,0,0,1
294,2.72059e+07,2.72059e+07,188,0,0,0,0,0,0,0,0,0,1
295,2.73045e+07,2.73045e+07,188,0,0,0,0,0,0,0,0,0,1
296,2.72211e+07,2.72211e+07,188,0,0,0,0,0,0,0,0,0,1
297,2.7306e+07,2.7306e+07,188,0,0,0,0,0,0,0,0,0,1
298,2.71745e+07,2.71745e+07,188,0,0,0,0,0,0,0,0,0,1
299,2.73404e+07,2.73404e+07,188,0,0,0,0,0,0,0,0,0,1
300,2.72211e+07,2.72211e+07,188,0,0,0,0,0,0,0,0,0,1
301,2.72544e+07,2.72544e+07,188,0,0,0,0,0,0,0,0,0,1
302,2.7223e+07,2.7223e+07,188,0,0,0,0,0,0,0,0,0,1
303,2.72894e+07,2.72894e+07,188,0,0,0,0,0,0,0,0,0,1
304,2.74395e+07,2.74395e+07,188,0,0,0,0,0,0,0,0,0,1
305,2.73353e+07,2.73353e+07,188,0,0,0,0,0,0,0,0,0,1
306,2.71745e+07,2.71745e+07,188,0,0,0,0,0,0,0,0,0,1
307,2.72438e+07,2.72438e+07,188,0,0,0,0,0,0,0,0,0,1
308,2.71745e+07,2.71745e+07,188,0,0,0,0,0,0,0,0,0,1
309,2.71745e+07,2.71745e+07,188,0,0,0,0,0,0,0,0,0,1
310,2.72211e+07,2.72211e+07,188,0,0,0,0,0,0,0,0,0,1
311,2.72695e+07,2.72695e+07,188,0,0,0,0,0,0,0,0,0,1
312,2.73212e+07,2.73212e+07,188,0,0,0,0,0,0,0,0,0,1
313,2.71745e+07,2.71745e+07,188,0,0,0,0,0,0,0,0,0,1
314,2.72868e+07,2.72868e+07,188,0,0,0,0,0,0,0,0,0,1
315,2.72915e+07,2.72915e+07,188,0,0,0,0,0,0,0,0,0,1
316,2.71912e+07,2.71912e+07,188,0,0,0,0,0,0,0,0,0,1
317,2.71745e+07,2.71745e+07,188,0,0,0,0,0,0,0,0,0,1
318,2.72894e+07,2.72894e+07,188,0,0,0,0,0,0,0,0,0,1
319,2.72226e+07,2.72226e+07,188,0,0,0,0,0,0,0,0,0,1
320,2.72059e+07,2.72059e+07,188,0,0,0,0,0,0,0,0,0,1
321,2.72544e+07,2.72544e+07,188,0,0,0,0,0,0,0,0,0,1
322,2.7375e+07,2.7375e+07,188,0,0,0,0,0,0,0,0,0,1
323,2.71745e+07,2.71745e+07,188,0,0,0,0,0,0,0,0,0,1
324,2.71745e+07,2.71745e+07,188,0,0,0,0,0,0,0,0,0,1
325,2.7375e+07,2.7375e+07,188,0,0,0,0,0,0,0,0,0,1
326,2.7223e+07,2.7223e+07,188,0,0,0,0,0,0,0,0,0,1
327,2.72226e+07,2.72226e+07,188,0,0,0,0,0,0,0,0,0,1
328,2.72059e+07,2.72059e+07,188,0,0,0,0,0,0,0,0,0,1
329,2.72211e+07,2.72211e+07,188,0,0,0,0,0,0,0,0,0,1
330,2.71745e+07,2.71745e+07,188,0,0,0,0,0,0,0,0,0,1
331,2.72438e+07,2.72438e+07,188,0,0,0,0,0,0,0,0,0,1
332,2.73237e+07,2.73237e+07,188,0,0,0,0,0,0,0,0,0,1
333,2.72868e+07,2.72868e+07,188,0,0,0,0,0,0,0,0,0,1
334,2.71745e+07,2.71745e+07,188,0,0,0,0,0,0,0,0,0,1
335,2.71745e+07,2.71745e+07,188,0,0,0,0,0,0,0,0,0,1
336,2.71745e+07,2.71745e+07,188,0,0,0,0,0,0,0,0,0,1
337,2.72059e+07,2.72059e+07,188,0,0,0,0,0,0,0,0,0,1
338,2.73045e+07,2.73045e+07,188,0,0,0,0,0,0,0,0,0,1
339,2.72211e+07,2.72211e+07,188,0,0,0,0,0,0,0,0,0,1
340,2.7223e+07,2.7223e+07,188,0,0,0,0,0,0,0,0,0,1
341,2.71745e+07,2.71745e+07,188,0,0,0,0,0,0,0,0,0,1
342,2.71745e+07,2.71745e+07,188,0,0,0,0,0,0,0,0,0,1
343,2.71745e+07,2.71745e+07,188,0,0,0,0,0,0,0,0,0,1
344,2.72059e+07,2.72059e+07,188,0,0,0,0,0,0,0,0,0,1
345,2.72211e+07,2.72211e+07,188,0,0,0,0,0,0,0,0,0,1
346,2.72211e+07,2.72211e+07,188,0,0,0,0,0,0,0,0,0,1
347,2.72211e+07,2.72211e+07,188,0,0,0,0,0,0,0,0,0,1
348,2.71745e+07,2.71745e+07,188,0,0,0,0,0,0,0,0,0,1
349,2.72695e+07,2.72695e+07,188,0,0,0,0,0,0,0,0,0,1
350,2.72544e+07,2.72544e+07,188,0,0,0,0,0,0,0,0,0,1
351,2.72059e+07,2.72059e+07,188,0,0,0,0,0,0,0,0,0,1
352,2.71745e+07,2.71745e+07,188,0,0,0,0,0,0,0,0,0,1
353,2.72211e+07,2.72211e+07,188,0,0,0,0,0,0,0,0,0,1
354,2.72059e+07,2.72059e+07,188,0,0,0,0,0,0,0,0,0,1
355,2.71745e+07,2.71745e+07,188,0,0,0,0,0,0,0,0,0,1
356,2.72922e+07,2.72922e+07,188,0,0,0,0,0,0,0,0,0,1
357,2.72059e+07,2.72059e+07,188,0,0,0,0,0,0,0,0,0,1
358,2.72059e+07,2.72059e+07,188,0,0,0,0,0,0,0,0,0,1
359,2.72059e+07,2.72059e+07,188,0,0,0,0,0,0,0,0,0,1
360,2.72059e+07,2.72059e+07,188,0,0,0,0,0,0,0,0,0,1
361,2.72438e+07,2.72438e+07,188,0,0,0,0,0,0,0,0,0,1
362,2.72211e+07,2.72211e+07,188,0,0,0,0,0,0,0,0,0,1
363,2.72211e+07,2.72211e+07,188,0,0,0,0,0,0,0,0,0,1
364,2.72915e+07,2.72915e+07,188,0,0,0,0,0,0,0,0,0,1
365,2.73272e+07,2.73272e+07,188,0,0,0,0,0,0,0,0,0,1
366,2.7375e+07,2.7375e+07,188,0,0,0,0,0,0,0,0,0,1
367,2.71745e+07,2.71745e+07,188,0,0,0,0,0,0,0,0,0,1
368,2.72894e+07,2.72894e+07,188,0,0,0,0,0,0,0,0,0,1
369,2.71745e+07,2.71745e+07,188,0,0,0,0,0,0,0,0,0,1
370,2.72915e+07,2.72915e+07,188,0,0,0,0,0,0,0,0,0,1
371,2.72211e+07,2.72211e+07,188,0,0,0,0,0,0,0,0,0,1
372,2.72059e+07,2.72059e+07,188,0,0,0,0,0,0,0,0,0,1
373,2.72438e+07,2.72438e+07,188,0,0,0,0,0,0,0,0,0,1
374,2.71745e+07,2.71745e+07,188,0,0,0,0,0,0,0,0,0,1
375,2.71745e+07,2.71745e+07,188,0,0,0,0,0,0,0,0,0,1
376,2.71745e+07,2.71745e+07,188,0,0,0,0,0,0,0,0,0,1
377,2.71745e+07,2.71745e+07,188,0,0,0,0,0,0,0,0,0,1
378,2.72226e+07,2.72226e+07,188,0,0,0,0,0,0,0,0,0,1
379,2.72695e+07,2.72695e+07,188,0,0,0,0,0,0,0,0,0,1
380,2.73378e+07,2.73378e+07,188,0,0,0,0,0,0,0,0,0,1
381,2.71745e+07,2.71745e+07,188,0,0,0,0,0,0,0,0,0,1
382,2.72211e+07,2.72211e+07,188,0,0,0,0,0,0,0,0,0,1
383,2.71745e+07,2.71745e+07,188,0,0,0,0,0,0,0,0,0,1
384,2.72211e+07,2.72211e+07,188,0,0,0,0,0,0,0,0,0,1
385,2.74552e+07,2.74552e+07,188,0,0,0,0,0,0,0,0,0,1
386,2.73035e+07,2.73035e+07,188,0,0,0,0,0,0,0,0,0,1
387,2.71745e+07,2.71745e+07,188,0,0,0,0,0,0,0,0,0,1
388,2.73237e+07,2.73237e+07,188,0,0,0,0,0,0,0,0,0,1
389,2.73757e+07,2.73757e+07,188,0,0,0,0,0,0,0,0,0,1
390,2.7271e+07,2.7271e+07,188,0,0,0,0,0,0,0,0,0,1
391,2.72438e+07,2.72438e+07,188,0,0,0,0,0,0,0,0,0,1
392,2.7223e+07,2.7223e+07,188,0,0,0,0,0,0,0,0,0,1
393,2.71912e+07,2.71912e+07,188,0,0,0,0,0,0,0,0,0,1
394,2.71745e+07,2.71745e+07,188,0,0,0,0,0,0,0,0,0,1
395,2.71745e+07,2.71745e+07,188,0,0,0,0,0,0,0,0,0,1
396,2.75242e+07,2.75242e+07,188,0,0,0,0,0,0,0,0,0,1
397,2.72211e+07,2.72211e+07,188,0,0,0,0,0,0,0,0,0,1
398,2.72695e+07,2.72695e+07,188,0,0,0,0,0,0,0,0,0,1
399,2.72438e+07,2.72438e+07,188,0,0,0,0,0,0,0,0,0,1
400,2.72059e+07,2.72059e+07,188,0,0,0,0,0,0,0,0,0,1
401,2.71745e+07,2.71745e+07,188,0,0,0,0,0,0,0,0,0,1
402,2.72059e+07,2.72059e+07,188,0,0,0,0,0,0,0,0,0,1
403,2.71745e+07,2.71745e+07,188,0,0,0,0,0,0,0,0,0,1
404,2.71745e+07,2.71745e+07,188,0,0,0,0,0,0,0,0,0,1
405,2.72211e+07,2.72211e+07,188,0,0,0,0,0,0,0,0,0,1
406,2.73237e+07,2.73237e+07,188,0,0,0,0,0,0,0,0,0,1
407,2.71912e+07,2.71912e+07,188,0,0,0,0,0,0,0,0,0,1
408,2.72438e+07,2.72438e+07,188,0,0,0,0,0,0,0,0,0,1
409,2.71745e+07,2.71745e+07,188,0,0,0,0,0,0,0,0,0,1
410,2.74395e+07,2.74395e+07,188,0,0,0,0,0,0,0,0,0,1
411,2.72059e+07,2.72059e+07,188,0,0,0,0,0,0,0,0,0,1
412,2.7223e+07,2.7223e+07,188,0,0,0,0,0,0,0,0,0,1
413,2.7223e+07,2.7223e+07,188,0,0,0,0,0,0,0,0,0,1
414,2.72211e+07,2.72211e+07,188,0,0,0,0,0,0,0,0,0,1
415,2.71745e+07,2.71745e+07,188,0,0,0,0,0,0,0,0,0,1
416,2.72059e+07,2.72059e+07,188,0,0,0,0,0,0,0,0,0,1
417,2.71745e+07,2.71745e+07,188,0,0,0,0,0,0,0,0,0,1
418,2.7223e+07,2.7223e+07,188,0,0,0,0,0,0,0,0,0,1
419,2.72211e+07,2.72211e+07,188,0,0,0,0,0,0,0,0,0,1
420,2.73738e+07,2.73738e+07,188,0,0,0,0,0,0,0,0,0,1
421,2.72438e+07,2.72438e+07,188,0,0,0,0,0,0,0,0,0,1
422,2.74335e+07,2.74335e+07,188,0,0,0,0,0,0,0,0,0,1
423,2.74168e+07,2.74168e+07,188,0,0,0,0,0,0,0,0,0,1
424,2.72922e+07,2.72922e+07,188,0,0,0,0,0,0,0,0,0,1
425,2.72059e+07,2.72059e+07,188,0,0,0,0,0,0,0,0,0,1
426,2.72059e+07,2.72059e+07,188,0,0,0,0,0,0,0,0,0,1
427,2.71912e+07,2.71912e+07,188,0,0,0,0,0,0,0,0,0,1
428,2.72211e+07,2.72211e+07,188,0,0,0,0,0,0,0,0,0,1
429,2.71745e+07,2.71745e+07,188,0,0,0,0,0,0,0,0,0,1
430,2.72211e+07,2.72211e+07,188,0,0,0,0,0,0,0,0,0,1
431,2.72059e+07,2.72059e+07,188,0,0,0,0,0,0,0,0,0,1
432,2.72059e+07,2.72059e+07,188,0,0,0,0,0,0,0,0,0,1
433,2.72059e+07,2.72059e+07,188,0,0,0,0,0,0,0,0,0,1
434,2.72438e+07,2.72438e+07,188,0,0,0,0,0,0,0,0,0,1
435,2.72059e+07,2.72059e+07,188,0,0,0,0,0,0,0,0,0,1
436,2.73353e+07,2.73353e+07,188,0,0,0,0,0,0,0,0,0,1
437,2.72377e+07,2.72377e+07,188,0,0,0,0,0,0,0,0,0,1
438,2.72915e+07,2.72915e+07,188,0,0,0,0,0,0,0,0,0,1
439,2.72377e+07,2.72377e+07,188,0,0,0,0,0,0,0,0,0,1
440,2.72915e+07,2.72915e+07,188,0,0,0,0,0,0,0,0,0,1
441,2.71745e+07,2.71745e+07,188,0,0,0,0,0,0,0,0,0,1
442,2.71912e+07,2.71912e+07,188,0,0,0,0,0,0,0,0,0,1
443,2.72211e+07,2.72211e+07,188,0,0,0,0,0,0,0,0,0,1
444,2.72438e+07,2.72438e+07,188,0,0,0,0,0,0,0,0,0,1
445,2.71745e+07,2.71745e+07,188,0,0,0,0,0,0,0,0,0,1
446,2.72059e+07,2.72059e+07,188,0,0,0,0,0,0,0,0,0,1
447,2.72915e+07,2.72915e+07,188,0,0,0,0,0,0,0,0,0,1
448,2.72211e+07,2.72211e+07,188,0,0,0,0,0,0,0,0,0,1
449,2.72059e+07,2.72059e+07,188,0,0,0,0,0,0,0,0,0,1
450,2.72868e+07,2.72868e+07,188,0,0,0,0,0,0,0,0,0,1
451,2.71745e+07,2.71745e+07,188,0,0,0,0,0,0,0,0,0,1
452,2.71745e+07,2.71745e+07,188,0,0,0,0,0,0,0,0,0,1
453,2.72211e+07,2.72211e+07,188,0,0,0,0,0,0,0,0,0,1
454,2.73089e+07,2.73089e+07,188,0,0,0,0,0,0,0,0,0,1
455,2.72438e+07,2.72438e+07,188,0,0,0,0,0,0,0,0,0,1
456,2.7223e+07,2.7223e+07,188,0,0,0,0,0,0,0,0,0,1
457,2.71745e+07,2.71745e+07,188,0,0,0,0,0,0,0,0,0,1
458,2.71745e+07,2.71745e+07,188,0,0,0,0,0,0,0,0,0,1
459,2.74549e+07,2.74549e+07,188,0,0,0,0,0,0,0,0,0,1
460,2.72544e+07,2.72544e+07,188,0,0,0,0,0,0,0,0,0,1
461,2.72438e+07,2.72438e+07,188,0,0,0,0,0,0,0,0,0,1
462,2.72438e+07,2.72438e+07,188,0,0,0,0,0,0,0,0,0,1
463,2.7223e+07,2.7223e+07,188,0,0,0,0,0,0,0,0,0,1
464,2.71745e+07,2.71745e+07,188,0,0,0,0,0,0,0,0,0,1
465,2.71745e+07,2.71745e+07,188,0,0,0,0,0,0,0,0,0,1
466,2.71745e+07,2.71745e+07,188,0,0,0,0,0,0,0,0,0,1
467,2.72544e+07,2.72544e+07,188,0,0,0,0,0,0,0,0,0,1
468,2.71745e+07,2.71745e+07,188,0,0,0,0,0,0,0,0,0,1
469,2.75355e+07,2.75355e+07,188,0,0,0,0,0,0,0,0,0,1
470,2.74443e+07,2.74443e+07,188,0,0,0,0,0,0,0,0,0,1
471,2.71912e+07,2.71912e+07,188,0,0,0,0,0,0,0,0,0,1
472,2.7353e+07,2.7353e+07,188,0,0,0,0,0,0,0,0,0,1
473,2.7223e+07,2.7223e+07,188,0,0,0,0,0,0,0,0,0,1
474,2.72438e+07,2.72438e+07,188,0,0,0,0,0,0,0,0,0,1
475,2.71745e+07,2.71745e+07,188,0,0,0,0,0,0,0,0,0,1
476,2.71745e+07,2.71745e+07,188,0,0,0,0,0,0,0,0,0,1
477,2.72915e+07,2.72915e+07,188,0,0,0,0,0,0,0,0,0,1
478,2.71745e+07,2.71745e+07,188,0,0,0,0,0,0,0,0,0,1
479,2.71745e+07,2.71745e+07,188,0,0,0,0,0,0,0,0,0,1
480,2.71912e+07,2.71912e+07,188,0,0,0,0,0,0,0,0,0,1
481,2.7223e+07,2.7223e+07,188,0,0,0,0,0,0,0,0,0,1
482,2.72211e+07,2.72211e+07,188,0,0,0,0,0,0,0,0,0,1
483,2.71745e+07,2.71745e+07,188,0,0,0,0,0,0,0,0,0,1
484,2.72059e+07,2.72059e+07,188,0,0,0,0,0,0,0,0,0,1
485,2.72894e+07,2.72894e+07,188,0,0,0,0,0,0,0,0,0,1
486,2.72059e+07,2.72059e+07,188,0,0,0,0,0,0,0,0,0,1
487,2.72915e+07,2.72915e+07,188,0,0,0,0,0,0,0,0,0,1
488,2.72226e+07,2.72226e+07,188,0,0,0,0,0,0,0,0,0,1
489,2.71912e+07,2.71912e+07,188,0,0,0,0,0,0,0,0,0,1
490,2.7223e+07,2.7223e+07,188,0,0,0,0,0,0,0,0,0,1
491,2.71745e+07,2.71745e+07,188,0,0,0,0,0,0,0,0,0,1
492,2.71745e+07,2.71745e+07,188,0,0,0,0,0,0,0,0,0,1
493,2.72915e+07,2.72915e+07,188,0,0,0,0,0,0,0,0,0,1
494,2.73212e+07,2.73212e+07,188,0,0,0,0,0,0,0,0,0,1
495,2.73404e+07,2.73404e+07,188,0,0,0,0,0,0,0,0,0,1
496,2.73738e+07,2.73738e+07,188,0,0,0,0,0,0,0,0,0,1
497,2.73045e+07,2.73045e+07,188,0,0,0,0,0,0,0,0,0,1
498,2.7223e+07,2.7223e+07,188,0,0,0,0,0,0,0,0,0,1
499,2.71745e+07,2.71745e+07,188,0,0,0,0,0,0,0,0,0,1
500,2.7223e+07,2.7223e+07,188,0,0,0,0,0,0,0,0,0,1
